europe-large: 0.43000000000000005
europe-large1: 0.43375
europe-path-10: 0.40750000000000003
europe-path-20: 0.40625
europe-path-30: 0.4125
europe-random-10-1: 0.4325
europe-random-10-2: 0.41375
europe-random-20: 0.45249999999999996
europe-random-30: 0.41375
usa-large1: 0.5668067226890756
usa-large2: 0.5634453781512605
usa-path-10: 0.5373949579831933
usa-path-20: 0.5491596638655462
usa-path-30: 0.5554621848739495
usa-path-40: 0.5474789915966386
usa-random-10: 0.5369747899159664
usa-random-20: 0.5521008403361344
usa-random-30: 0.5605042016806723
usa-random-40: 0.5563025210084034
wiki-large: 0.6343035343035344
wiki-path-10: 0.6744275999999999
wiki-path-20: 0.6848232848232849
wiki-path-30: 0.6812889812889813
wiki-random-10-1: 0.687941787941788
wiki-random-10-2: 0.6887733887733887
wiki-random-20: 0.684199584199584
wiki-random-30: 0.6850311850311852